{
 "cells": [
  {
   "cell_type": "code",
   "execution_count": 1,
   "id": "a520993e-0172-4f3b-b3a5-73b0695ceaa5",
   "metadata": {},
   "outputs": [],
   "source": [
    "import glob\n",
    "import charts\n",
    "import numpy as np\n",
    "import pandas as pd\n",
    "import matplotlib.pyplot as plt\n",
    "from sklearn.preprocessing import StandardScaler\n",
    "from statsmodels.graphics.tsaplots import plot_acf\n",
    "from statsmodels.graphics.tsaplots import plot_pacf"
   ]
  },
  {
   "cell_type": "markdown",
   "id": "91d991e4-a46a-45e5-9faa-09b101335818",
   "metadata": {},
   "source": [
    "The goal of our exploration is to find patterns in our data and find ways to manipulate our data so that our model can make better predictions."
   ]
  },
  {
   "cell_type": "code",
   "execution_count": 2,
   "id": "d6b6d23b-8732-4c52-add0-2724e2093bd5",
   "metadata": {},
   "outputs": [],
   "source": [
    "#**IMPORTING DATA**\n",
    "files=glob.glob('../../data/price_index_data/mod/*')\n",
    "\n",
    "#getting the prices history from each index\n",
    "data=[]\n",
    "for file in files:\n",
    "    data.append(pd.read_csv(file))\n",
    "\n",
    "#converting the 'date' columns to datetime type\n",
    "for i in data:\n",
    "    i['date']=pd.to_datetime(i['date'])\n",
    "\n",
    "#combining the data together\n",
    "df=data[0]\n",
    "for i in data[1:]:\n",
    "    df=df.merge(i,on='date')\n",
    "\n",
    "#removing the date column and setting it as the index\n",
    "df.index=df['date']\n",
    "df.drop(columns=['date'],inplace=True)\n",
    "\n",
    "#removing unecessary columns\n",
    "cols=[i for i in list(df.columns) if 'Unnamed' not in i]\n",
    "df=df[cols]\n",
    "df=df.dropna()"
   ]
  },
  {
   "cell_type": "markdown",
   "id": "6ddb9ea3-5cc1-47de-aac7-9e85d49245d6",
   "metadata": {},
   "source": [
    "Now that we have our data, lets take a look at a portion of it to see what it looks like. "
   ]
  },
  {
   "cell_type": "code",
   "execution_count": 3,
   "id": "59de16f3-49fd-4ea6-a2ca-b433a8f6aaa4",
   "metadata": {},
   "outputs": [
    {
     "data": {
      "text/html": [
       "<div>\n",
       "<style scoped>\n",
       "    .dataframe tbody tr th:only-of-type {\n",
       "        vertical-align: middle;\n",
       "    }\n",
       "\n",
       "    .dataframe tbody tr th {\n",
       "        vertical-align: top;\n",
       "    }\n",
       "\n",
       "    .dataframe thead th {\n",
       "        text-align: right;\n",
       "    }\n",
       "</style>\n",
       "<table border=\"1\" class=\"dataframe\">\n",
       "  <thead>\n",
       "    <tr style=\"text-align: right;\">\n",
       "      <th></th>\n",
       "      <th>bit_open</th>\n",
       "      <th>bit_close</th>\n",
       "      <th>nas_open</th>\n",
       "      <th>nas_close</th>\n",
       "      <th>eth_open</th>\n",
       "      <th>eth_close</th>\n",
       "      <th>dow_open</th>\n",
       "      <th>dow_close</th>\n",
       "      <th>ada_open</th>\n",
       "      <th>ada_close</th>\n",
       "      <th>amd_open</th>\n",
       "      <th>amd_close</th>\n",
       "      <th>snp_open</th>\n",
       "      <th>snp_close</th>\n",
       "      <th>bnb_open</th>\n",
       "      <th>bnb_close</th>\n",
       "      <th>nvda_open</th>\n",
       "      <th>nvda_close</th>\n",
       "    </tr>\n",
       "    <tr>\n",
       "      <th>date</th>\n",
       "      <th></th>\n",
       "      <th></th>\n",
       "      <th></th>\n",
       "      <th></th>\n",
       "      <th></th>\n",
       "      <th></th>\n",
       "      <th></th>\n",
       "      <th></th>\n",
       "      <th></th>\n",
       "      <th></th>\n",
       "      <th></th>\n",
       "      <th></th>\n",
       "      <th></th>\n",
       "      <th></th>\n",
       "      <th></th>\n",
       "      <th></th>\n",
       "      <th></th>\n",
       "      <th></th>\n",
       "    </tr>\n",
       "  </thead>\n",
       "  <tbody>\n",
       "    <tr>\n",
       "      <th>2017-10-02</th>\n",
       "      <td>4414.17750</td>\n",
       "      <td>4424.47250</td>\n",
       "      <td>6506.08</td>\n",
       "      <td>6516.72</td>\n",
       "      <td>300.582000</td>\n",
       "      <td>300.062000</td>\n",
       "      <td>22423.47</td>\n",
       "      <td>22557.60</td>\n",
       "      <td>0.024607</td>\n",
       "      <td>0.025932</td>\n",
       "      <td>12.80</td>\n",
       "      <td>12.71</td>\n",
       "      <td>2520.6</td>\n",
       "      <td>2526.3</td>\n",
       "      <td>1.52662</td>\n",
       "      <td>1.96467</td>\n",
       "      <td>45.200001</td>\n",
       "      <td>44.750000</td>\n",
       "    </tr>\n",
       "    <tr>\n",
       "      <th>2017-10-03</th>\n",
       "      <td>4424.47250</td>\n",
       "      <td>4307.55500</td>\n",
       "      <td>6523.74</td>\n",
       "      <td>6531.71</td>\n",
       "      <td>299.994100</td>\n",
       "      <td>292.847181</td>\n",
       "      <td>22564.45</td>\n",
       "      <td>22641.67</td>\n",
       "      <td>0.025757</td>\n",
       "      <td>0.020816</td>\n",
       "      <td>12.73</td>\n",
       "      <td>13.42</td>\n",
       "      <td>2526.5</td>\n",
       "      <td>2532.8</td>\n",
       "      <td>1.96783</td>\n",
       "      <td>1.82070</td>\n",
       "      <td>44.812500</td>\n",
       "      <td>44.842499</td>\n",
       "    </tr>\n",
       "    <tr>\n",
       "      <th>2017-10-04</th>\n",
       "      <td>4307.55500</td>\n",
       "      <td>4186.78374</td>\n",
       "      <td>6521.96</td>\n",
       "      <td>6534.63</td>\n",
       "      <td>292.806751</td>\n",
       "      <td>289.300806</td>\n",
       "      <td>22645.67</td>\n",
       "      <td>22661.64</td>\n",
       "      <td>0.020864</td>\n",
       "      <td>0.021931</td>\n",
       "      <td>13.31</td>\n",
       "      <td>13.31</td>\n",
       "      <td>2531.5</td>\n",
       "      <td>2536.2</td>\n",
       "      <td>1.85150</td>\n",
       "      <td>1.60148</td>\n",
       "      <td>44.904999</td>\n",
       "      <td>45.217499</td>\n",
       "    </tr>\n",
       "    <tr>\n",
       "      <th>2017-10-05</th>\n",
       "      <td>4186.78374</td>\n",
       "      <td>4325.23625</td>\n",
       "      <td>6552.87</td>\n",
       "      <td>6585.36</td>\n",
       "      <td>289.682534</td>\n",
       "      <td>295.510772</td>\n",
       "      <td>22669.08</td>\n",
       "      <td>22775.39</td>\n",
       "      <td>0.021951</td>\n",
       "      <td>0.021489</td>\n",
       "      <td>13.38</td>\n",
       "      <td>13.34</td>\n",
       "      <td>2535.7</td>\n",
       "      <td>2549.9</td>\n",
       "      <td>1.63499</td>\n",
       "      <td>1.67849</td>\n",
       "      <td>45.465000</td>\n",
       "      <td>45.192501</td>\n",
       "    </tr>\n",
       "    <tr>\n",
       "      <th>2017-10-06</th>\n",
       "      <td>4325.23625</td>\n",
       "      <td>4370.16875</td>\n",
       "      <td>6566.95</td>\n",
       "      <td>6590.18</td>\n",
       "      <td>296.049000</td>\n",
       "      <td>309.599509</td>\n",
       "      <td>22762.03</td>\n",
       "      <td>22773.67</td>\n",
       "      <td>0.021359</td>\n",
       "      <td>0.018539</td>\n",
       "      <td>13.22</td>\n",
       "      <td>13.23</td>\n",
       "      <td>2548.6</td>\n",
       "      <td>2545.1</td>\n",
       "      <td>1.67731</td>\n",
       "      <td>1.57991</td>\n",
       "      <td>44.912498</td>\n",
       "      <td>45.325001</td>\n",
       "    </tr>\n",
       "  </tbody>\n",
       "</table>\n",
       "</div>"
      ],
      "text/plain": [
       "              bit_open   bit_close  nas_open  nas_close    eth_open  \\\n",
       "date                                                                  \n",
       "2017-10-02  4414.17750  4424.47250   6506.08    6516.72  300.582000   \n",
       "2017-10-03  4424.47250  4307.55500   6523.74    6531.71  299.994100   \n",
       "2017-10-04  4307.55500  4186.78374   6521.96    6534.63  292.806751   \n",
       "2017-10-05  4186.78374  4325.23625   6552.87    6585.36  289.682534   \n",
       "2017-10-06  4325.23625  4370.16875   6566.95    6590.18  296.049000   \n",
       "\n",
       "             eth_close  dow_open  dow_close  ada_open  ada_close  amd_open  \\\n",
       "date                                                                         \n",
       "2017-10-02  300.062000  22423.47   22557.60  0.024607   0.025932     12.80   \n",
       "2017-10-03  292.847181  22564.45   22641.67  0.025757   0.020816     12.73   \n",
       "2017-10-04  289.300806  22645.67   22661.64  0.020864   0.021931     13.31   \n",
       "2017-10-05  295.510772  22669.08   22775.39  0.021951   0.021489     13.38   \n",
       "2017-10-06  309.599509  22762.03   22773.67  0.021359   0.018539     13.22   \n",
       "\n",
       "            amd_close  snp_open  snp_close  bnb_open  bnb_close  nvda_open  \\\n",
       "date                                                                         \n",
       "2017-10-02      12.71    2520.6     2526.3   1.52662    1.96467  45.200001   \n",
       "2017-10-03      13.42    2526.5     2532.8   1.96783    1.82070  44.812500   \n",
       "2017-10-04      13.31    2531.5     2536.2   1.85150    1.60148  44.904999   \n",
       "2017-10-05      13.34    2535.7     2549.9   1.63499    1.67849  45.465000   \n",
       "2017-10-06      13.23    2548.6     2545.1   1.67731    1.57991  44.912498   \n",
       "\n",
       "            nvda_close  \n",
       "date                    \n",
       "2017-10-02   44.750000  \n",
       "2017-10-03   44.842499  \n",
       "2017-10-04   45.217499  \n",
       "2017-10-05   45.192501  \n",
       "2017-10-06   45.325001  "
      ]
     },
     "execution_count": 3,
     "metadata": {},
     "output_type": "execute_result"
    }
   ],
   "source": [
    "df.head()"
   ]
  },
  {
   "cell_type": "markdown",
   "id": "0891736b-cab9-4862-acff-a378664d7388",
   "metadata": {},
   "source": [
    "We have lots of data which is a good thing! The open prices and close price for each index are very close to each other. We can probably drop one of them to make our analysis easier."
   ]
  },
  {
   "cell_type": "code",
   "execution_count": 4,
   "id": "efc9bf9e-912d-4227-9b92-67d87a4a2c46",
   "metadata": {},
   "outputs": [
    {
     "data": {
      "text/html": [
       "<div>\n",
       "<style scoped>\n",
       "    .dataframe tbody tr th:only-of-type {\n",
       "        vertical-align: middle;\n",
       "    }\n",
       "\n",
       "    .dataframe tbody tr th {\n",
       "        vertical-align: top;\n",
       "    }\n",
       "\n",
       "    .dataframe thead th {\n",
       "        text-align: right;\n",
       "    }\n",
       "</style>\n",
       "<table border=\"1\" class=\"dataframe\">\n",
       "  <thead>\n",
       "    <tr style=\"text-align: right;\">\n",
       "      <th></th>\n",
       "      <th>bit_open</th>\n",
       "      <th>bit_close</th>\n",
       "      <th>nas_open</th>\n",
       "      <th>nas_close</th>\n",
       "      <th>eth_open</th>\n",
       "      <th>eth_close</th>\n",
       "      <th>dow_open</th>\n",
       "      <th>dow_close</th>\n",
       "      <th>ada_open</th>\n",
       "      <th>ada_close</th>\n",
       "      <th>amd_open</th>\n",
       "      <th>amd_close</th>\n",
       "      <th>snp_open</th>\n",
       "      <th>snp_close</th>\n",
       "      <th>bnb_open</th>\n",
       "      <th>bnb_close</th>\n",
       "      <th>nvda_open</th>\n",
       "      <th>nvda_close</th>\n",
       "    </tr>\n",
       "  </thead>\n",
       "  <tbody>\n",
       "    <tr>\n",
       "      <th>bit_open</th>\n",
       "      <td>1.000000</td>\n",
       "      <td>0.998201</td>\n",
       "      <td>0.856451</td>\n",
       "      <td>0.855794</td>\n",
       "      <td>0.896407</td>\n",
       "      <td>0.897802</td>\n",
       "      <td>0.853874</td>\n",
       "      <td>0.854632</td>\n",
       "      <td>0.850133</td>\n",
       "      <td>0.852492</td>\n",
       "      <td>0.724955</td>\n",
       "      <td>0.723352</td>\n",
       "      <td>0.865583</td>\n",
       "      <td>0.866384</td>\n",
       "      <td>0.885518</td>\n",
       "      <td>0.889578</td>\n",
       "      <td>0.800188</td>\n",
       "      <td>0.800234</td>\n",
       "    </tr>\n",
       "    <tr>\n",
       "      <th>bit_close</th>\n",
       "      <td>0.998201</td>\n",
       "      <td>1.000000</td>\n",
       "      <td>0.857093</td>\n",
       "      <td>0.856740</td>\n",
       "      <td>0.891488</td>\n",
       "      <td>0.895779</td>\n",
       "      <td>0.852273</td>\n",
       "      <td>0.853654</td>\n",
       "      <td>0.845057</td>\n",
       "      <td>0.850133</td>\n",
       "      <td>0.726996</td>\n",
       "      <td>0.725530</td>\n",
       "      <td>0.864807</td>\n",
       "      <td>0.865982</td>\n",
       "      <td>0.879390</td>\n",
       "      <td>0.886461</td>\n",
       "      <td>0.800100</td>\n",
       "      <td>0.800436</td>\n",
       "    </tr>\n",
       "    <tr>\n",
       "      <th>nas_open</th>\n",
       "      <td>0.856451</td>\n",
       "      <td>0.857093</td>\n",
       "      <td>1.000000</td>\n",
       "      <td>0.999264</td>\n",
       "      <td>0.772212</td>\n",
       "      <td>0.773543</td>\n",
       "      <td>0.922690</td>\n",
       "      <td>0.921973</td>\n",
       "      <td>0.732452</td>\n",
       "      <td>0.734711</td>\n",
       "      <td>0.952960</td>\n",
       "      <td>0.952270</td>\n",
       "      <td>0.977917</td>\n",
       "      <td>0.977995</td>\n",
       "      <td>0.760965</td>\n",
       "      <td>0.764016</td>\n",
       "      <td>0.954127</td>\n",
       "      <td>0.953488</td>\n",
       "    </tr>\n",
       "    <tr>\n",
       "      <th>nas_close</th>\n",
       "      <td>0.855794</td>\n",
       "      <td>0.856740</td>\n",
       "      <td>0.999264</td>\n",
       "      <td>1.000000</td>\n",
       "      <td>0.771839</td>\n",
       "      <td>0.773395</td>\n",
       "      <td>0.921570</td>\n",
       "      <td>0.922847</td>\n",
       "      <td>0.732405</td>\n",
       "      <td>0.734955</td>\n",
       "      <td>0.952825</td>\n",
       "      <td>0.953144</td>\n",
       "      <td>0.977143</td>\n",
       "      <td>0.978648</td>\n",
       "      <td>0.760465</td>\n",
       "      <td>0.763687</td>\n",
       "      <td>0.953667</td>\n",
       "      <td>0.954195</td>\n",
       "    </tr>\n",
       "    <tr>\n",
       "      <th>eth_open</th>\n",
       "      <td>0.896407</td>\n",
       "      <td>0.891488</td>\n",
       "      <td>0.772212</td>\n",
       "      <td>0.771839</td>\n",
       "      <td>1.000000</td>\n",
       "      <td>0.997255</td>\n",
       "      <td>0.812075</td>\n",
       "      <td>0.811549</td>\n",
       "      <td>0.962444</td>\n",
       "      <td>0.961578</td>\n",
       "      <td>0.607442</td>\n",
       "      <td>0.606718</td>\n",
       "      <td>0.815109</td>\n",
       "      <td>0.814695</td>\n",
       "      <td>0.927659</td>\n",
       "      <td>0.924890</td>\n",
       "      <td>0.803177</td>\n",
       "      <td>0.803834</td>\n",
       "    </tr>\n",
       "    <tr>\n",
       "      <th>eth_close</th>\n",
       "      <td>0.897802</td>\n",
       "      <td>0.895779</td>\n",
       "      <td>0.773543</td>\n",
       "      <td>0.773395</td>\n",
       "      <td>0.997255</td>\n",
       "      <td>1.000000</td>\n",
       "      <td>0.811956</td>\n",
       "      <td>0.812103</td>\n",
       "      <td>0.958959</td>\n",
       "      <td>0.962213</td>\n",
       "      <td>0.609964</td>\n",
       "      <td>0.609305</td>\n",
       "      <td>0.815653</td>\n",
       "      <td>0.815667</td>\n",
       "      <td>0.927215</td>\n",
       "      <td>0.928527</td>\n",
       "      <td>0.803587</td>\n",
       "      <td>0.804406</td>\n",
       "    </tr>\n",
       "    <tr>\n",
       "      <th>dow_open</th>\n",
       "      <td>0.853874</td>\n",
       "      <td>0.852273</td>\n",
       "      <td>0.922690</td>\n",
       "      <td>0.921570</td>\n",
       "      <td>0.812075</td>\n",
       "      <td>0.811956</td>\n",
       "      <td>1.000000</td>\n",
       "      <td>0.997274</td>\n",
       "      <td>0.786478</td>\n",
       "      <td>0.787709</td>\n",
       "      <td>0.816724</td>\n",
       "      <td>0.816517</td>\n",
       "      <td>0.977823</td>\n",
       "      <td>0.976390</td>\n",
       "      <td>0.819200</td>\n",
       "      <td>0.820233</td>\n",
       "      <td>0.848020</td>\n",
       "      <td>0.847615</td>\n",
       "    </tr>\n",
       "    <tr>\n",
       "      <th>dow_close</th>\n",
       "      <td>0.854632</td>\n",
       "      <td>0.853654</td>\n",
       "      <td>0.921973</td>\n",
       "      <td>0.922847</td>\n",
       "      <td>0.811549</td>\n",
       "      <td>0.812103</td>\n",
       "      <td>0.997274</td>\n",
       "      <td>1.000000</td>\n",
       "      <td>0.785906</td>\n",
       "      <td>0.787738</td>\n",
       "      <td>0.816435</td>\n",
       "      <td>0.817152</td>\n",
       "      <td>0.975768</td>\n",
       "      <td>0.977881</td>\n",
       "      <td>0.819185</td>\n",
       "      <td>0.820681</td>\n",
       "      <td>0.847111</td>\n",
       "      <td>0.847857</td>\n",
       "    </tr>\n",
       "    <tr>\n",
       "      <th>ada_open</th>\n",
       "      <td>0.850133</td>\n",
       "      <td>0.845057</td>\n",
       "      <td>0.732452</td>\n",
       "      <td>0.732405</td>\n",
       "      <td>0.962444</td>\n",
       "      <td>0.958959</td>\n",
       "      <td>0.786478</td>\n",
       "      <td>0.785906</td>\n",
       "      <td>1.000000</td>\n",
       "      <td>0.995826</td>\n",
       "      <td>0.576536</td>\n",
       "      <td>0.576104</td>\n",
       "      <td>0.785284</td>\n",
       "      <td>0.785342</td>\n",
       "      <td>0.906035</td>\n",
       "      <td>0.902967</td>\n",
       "      <td>0.777408</td>\n",
       "      <td>0.778957</td>\n",
       "    </tr>\n",
       "    <tr>\n",
       "      <th>ada_close</th>\n",
       "      <td>0.852492</td>\n",
       "      <td>0.850133</td>\n",
       "      <td>0.734711</td>\n",
       "      <td>0.734955</td>\n",
       "      <td>0.961578</td>\n",
       "      <td>0.962213</td>\n",
       "      <td>0.787709</td>\n",
       "      <td>0.787738</td>\n",
       "      <td>0.995826</td>\n",
       "      <td>1.000000</td>\n",
       "      <td>0.579797</td>\n",
       "      <td>0.579609</td>\n",
       "      <td>0.787068</td>\n",
       "      <td>0.787381</td>\n",
       "      <td>0.905442</td>\n",
       "      <td>0.907226</td>\n",
       "      <td>0.778588</td>\n",
       "      <td>0.780482</td>\n",
       "    </tr>\n",
       "    <tr>\n",
       "      <th>amd_open</th>\n",
       "      <td>0.724955</td>\n",
       "      <td>0.726996</td>\n",
       "      <td>0.952960</td>\n",
       "      <td>0.952825</td>\n",
       "      <td>0.607442</td>\n",
       "      <td>0.609964</td>\n",
       "      <td>0.816724</td>\n",
       "      <td>0.816435</td>\n",
       "      <td>0.576536</td>\n",
       "      <td>0.579797</td>\n",
       "      <td>1.000000</td>\n",
       "      <td>0.998980</td>\n",
       "      <td>0.902884</td>\n",
       "      <td>0.903153</td>\n",
       "      <td>0.614418</td>\n",
       "      <td>0.617594</td>\n",
       "      <td>0.900993</td>\n",
       "      <td>0.900252</td>\n",
       "    </tr>\n",
       "    <tr>\n",
       "      <th>amd_close</th>\n",
       "      <td>0.723352</td>\n",
       "      <td>0.725530</td>\n",
       "      <td>0.952270</td>\n",
       "      <td>0.953144</td>\n",
       "      <td>0.606718</td>\n",
       "      <td>0.609305</td>\n",
       "      <td>0.816517</td>\n",
       "      <td>0.817152</td>\n",
       "      <td>0.576104</td>\n",
       "      <td>0.579609</td>\n",
       "      <td>0.998980</td>\n",
       "      <td>1.000000</td>\n",
       "      <td>0.902678</td>\n",
       "      <td>0.903676</td>\n",
       "      <td>0.613670</td>\n",
       "      <td>0.616859</td>\n",
       "      <td>0.900551</td>\n",
       "      <td>0.901051</td>\n",
       "    </tr>\n",
       "    <tr>\n",
       "      <th>snp_open</th>\n",
       "      <td>0.865583</td>\n",
       "      <td>0.864807</td>\n",
       "      <td>0.977917</td>\n",
       "      <td>0.977143</td>\n",
       "      <td>0.815109</td>\n",
       "      <td>0.815653</td>\n",
       "      <td>0.977823</td>\n",
       "      <td>0.975768</td>\n",
       "      <td>0.785284</td>\n",
       "      <td>0.787068</td>\n",
       "      <td>0.902884</td>\n",
       "      <td>0.902678</td>\n",
       "      <td>1.000000</td>\n",
       "      <td>0.997979</td>\n",
       "      <td>0.813769</td>\n",
       "      <td>0.815481</td>\n",
       "      <td>0.923872</td>\n",
       "      <td>0.923580</td>\n",
       "    </tr>\n",
       "    <tr>\n",
       "      <th>snp_close</th>\n",
       "      <td>0.866384</td>\n",
       "      <td>0.865982</td>\n",
       "      <td>0.977995</td>\n",
       "      <td>0.978648</td>\n",
       "      <td>0.814695</td>\n",
       "      <td>0.815667</td>\n",
       "      <td>0.976390</td>\n",
       "      <td>0.977881</td>\n",
       "      <td>0.785342</td>\n",
       "      <td>0.787381</td>\n",
       "      <td>0.903153</td>\n",
       "      <td>0.903676</td>\n",
       "      <td>0.997979</td>\n",
       "      <td>1.000000</td>\n",
       "      <td>0.813688</td>\n",
       "      <td>0.815545</td>\n",
       "      <td>0.923636</td>\n",
       "      <td>0.924271</td>\n",
       "    </tr>\n",
       "    <tr>\n",
       "      <th>bnb_open</th>\n",
       "      <td>0.885518</td>\n",
       "      <td>0.879390</td>\n",
       "      <td>0.760965</td>\n",
       "      <td>0.760465</td>\n",
       "      <td>0.927659</td>\n",
       "      <td>0.927215</td>\n",
       "      <td>0.819200</td>\n",
       "      <td>0.819185</td>\n",
       "      <td>0.906035</td>\n",
       "      <td>0.905442</td>\n",
       "      <td>0.614418</td>\n",
       "      <td>0.613670</td>\n",
       "      <td>0.813769</td>\n",
       "      <td>0.813688</td>\n",
       "      <td>1.000000</td>\n",
       "      <td>0.995738</td>\n",
       "      <td>0.748332</td>\n",
       "      <td>0.749031</td>\n",
       "    </tr>\n",
       "    <tr>\n",
       "      <th>bnb_close</th>\n",
       "      <td>0.889578</td>\n",
       "      <td>0.886461</td>\n",
       "      <td>0.764016</td>\n",
       "      <td>0.763687</td>\n",
       "      <td>0.924890</td>\n",
       "      <td>0.928527</td>\n",
       "      <td>0.820233</td>\n",
       "      <td>0.820681</td>\n",
       "      <td>0.902967</td>\n",
       "      <td>0.907226</td>\n",
       "      <td>0.617594</td>\n",
       "      <td>0.616859</td>\n",
       "      <td>0.815481</td>\n",
       "      <td>0.815545</td>\n",
       "      <td>0.995738</td>\n",
       "      <td>1.000000</td>\n",
       "      <td>0.750065</td>\n",
       "      <td>0.751110</td>\n",
       "    </tr>\n",
       "    <tr>\n",
       "      <th>nvda_open</th>\n",
       "      <td>0.800188</td>\n",
       "      <td>0.800100</td>\n",
       "      <td>0.954127</td>\n",
       "      <td>0.953667</td>\n",
       "      <td>0.803177</td>\n",
       "      <td>0.803587</td>\n",
       "      <td>0.848020</td>\n",
       "      <td>0.847111</td>\n",
       "      <td>0.777408</td>\n",
       "      <td>0.778588</td>\n",
       "      <td>0.900993</td>\n",
       "      <td>0.900551</td>\n",
       "      <td>0.923872</td>\n",
       "      <td>0.923636</td>\n",
       "      <td>0.748332</td>\n",
       "      <td>0.750065</td>\n",
       "      <td>1.000000</td>\n",
       "      <td>0.999077</td>\n",
       "    </tr>\n",
       "    <tr>\n",
       "      <th>nvda_close</th>\n",
       "      <td>0.800234</td>\n",
       "      <td>0.800436</td>\n",
       "      <td>0.953488</td>\n",
       "      <td>0.954195</td>\n",
       "      <td>0.803834</td>\n",
       "      <td>0.804406</td>\n",
       "      <td>0.847615</td>\n",
       "      <td>0.847857</td>\n",
       "      <td>0.778957</td>\n",
       "      <td>0.780482</td>\n",
       "      <td>0.900252</td>\n",
       "      <td>0.901051</td>\n",
       "      <td>0.923580</td>\n",
       "      <td>0.924271</td>\n",
       "      <td>0.749031</td>\n",
       "      <td>0.751110</td>\n",
       "      <td>0.999077</td>\n",
       "      <td>1.000000</td>\n",
       "    </tr>\n",
       "  </tbody>\n",
       "</table>\n",
       "</div>"
      ],
      "text/plain": [
       "            bit_open  bit_close  nas_open  nas_close  eth_open  eth_close  \\\n",
       "bit_open    1.000000   0.998201  0.856451   0.855794  0.896407   0.897802   \n",
       "bit_close   0.998201   1.000000  0.857093   0.856740  0.891488   0.895779   \n",
       "nas_open    0.856451   0.857093  1.000000   0.999264  0.772212   0.773543   \n",
       "nas_close   0.855794   0.856740  0.999264   1.000000  0.771839   0.773395   \n",
       "eth_open    0.896407   0.891488  0.772212   0.771839  1.000000   0.997255   \n",
       "eth_close   0.897802   0.895779  0.773543   0.773395  0.997255   1.000000   \n",
       "dow_open    0.853874   0.852273  0.922690   0.921570  0.812075   0.811956   \n",
       "dow_close   0.854632   0.853654  0.921973   0.922847  0.811549   0.812103   \n",
       "ada_open    0.850133   0.845057  0.732452   0.732405  0.962444   0.958959   \n",
       "ada_close   0.852492   0.850133  0.734711   0.734955  0.961578   0.962213   \n",
       "amd_open    0.724955   0.726996  0.952960   0.952825  0.607442   0.609964   \n",
       "amd_close   0.723352   0.725530  0.952270   0.953144  0.606718   0.609305   \n",
       "snp_open    0.865583   0.864807  0.977917   0.977143  0.815109   0.815653   \n",
       "snp_close   0.866384   0.865982  0.977995   0.978648  0.814695   0.815667   \n",
       "bnb_open    0.885518   0.879390  0.760965   0.760465  0.927659   0.927215   \n",
       "bnb_close   0.889578   0.886461  0.764016   0.763687  0.924890   0.928527   \n",
       "nvda_open   0.800188   0.800100  0.954127   0.953667  0.803177   0.803587   \n",
       "nvda_close  0.800234   0.800436  0.953488   0.954195  0.803834   0.804406   \n",
       "\n",
       "            dow_open  dow_close  ada_open  ada_close  amd_open  amd_close  \\\n",
       "bit_open    0.853874   0.854632  0.850133   0.852492  0.724955   0.723352   \n",
       "bit_close   0.852273   0.853654  0.845057   0.850133  0.726996   0.725530   \n",
       "nas_open    0.922690   0.921973  0.732452   0.734711  0.952960   0.952270   \n",
       "nas_close   0.921570   0.922847  0.732405   0.734955  0.952825   0.953144   \n",
       "eth_open    0.812075   0.811549  0.962444   0.961578  0.607442   0.606718   \n",
       "eth_close   0.811956   0.812103  0.958959   0.962213  0.609964   0.609305   \n",
       "dow_open    1.000000   0.997274  0.786478   0.787709  0.816724   0.816517   \n",
       "dow_close   0.997274   1.000000  0.785906   0.787738  0.816435   0.817152   \n",
       "ada_open    0.786478   0.785906  1.000000   0.995826  0.576536   0.576104   \n",
       "ada_close   0.787709   0.787738  0.995826   1.000000  0.579797   0.579609   \n",
       "amd_open    0.816724   0.816435  0.576536   0.579797  1.000000   0.998980   \n",
       "amd_close   0.816517   0.817152  0.576104   0.579609  0.998980   1.000000   \n",
       "snp_open    0.977823   0.975768  0.785284   0.787068  0.902884   0.902678   \n",
       "snp_close   0.976390   0.977881  0.785342   0.787381  0.903153   0.903676   \n",
       "bnb_open    0.819200   0.819185  0.906035   0.905442  0.614418   0.613670   \n",
       "bnb_close   0.820233   0.820681  0.902967   0.907226  0.617594   0.616859   \n",
       "nvda_open   0.848020   0.847111  0.777408   0.778588  0.900993   0.900551   \n",
       "nvda_close  0.847615   0.847857  0.778957   0.780482  0.900252   0.901051   \n",
       "\n",
       "            snp_open  snp_close  bnb_open  bnb_close  nvda_open  nvda_close  \n",
       "bit_open    0.865583   0.866384  0.885518   0.889578   0.800188    0.800234  \n",
       "bit_close   0.864807   0.865982  0.879390   0.886461   0.800100    0.800436  \n",
       "nas_open    0.977917   0.977995  0.760965   0.764016   0.954127    0.953488  \n",
       "nas_close   0.977143   0.978648  0.760465   0.763687   0.953667    0.954195  \n",
       "eth_open    0.815109   0.814695  0.927659   0.924890   0.803177    0.803834  \n",
       "eth_close   0.815653   0.815667  0.927215   0.928527   0.803587    0.804406  \n",
       "dow_open    0.977823   0.976390  0.819200   0.820233   0.848020    0.847615  \n",
       "dow_close   0.975768   0.977881  0.819185   0.820681   0.847111    0.847857  \n",
       "ada_open    0.785284   0.785342  0.906035   0.902967   0.777408    0.778957  \n",
       "ada_close   0.787068   0.787381  0.905442   0.907226   0.778588    0.780482  \n",
       "amd_open    0.902884   0.903153  0.614418   0.617594   0.900993    0.900252  \n",
       "amd_close   0.902678   0.903676  0.613670   0.616859   0.900551    0.901051  \n",
       "snp_open    1.000000   0.997979  0.813769   0.815481   0.923872    0.923580  \n",
       "snp_close   0.997979   1.000000  0.813688   0.815545   0.923636    0.924271  \n",
       "bnb_open    0.813769   0.813688  1.000000   0.995738   0.748332    0.749031  \n",
       "bnb_close   0.815481   0.815545  0.995738   1.000000   0.750065    0.751110  \n",
       "nvda_open   0.923872   0.923636  0.748332   0.750065   1.000000    0.999077  \n",
       "nvda_close  0.923580   0.924271  0.749031   0.751110   0.999077    1.000000  "
      ]
     },
     "execution_count": 4,
     "metadata": {},
     "output_type": "execute_result"
    }
   ],
   "source": [
    "df.corr()"
   ]
  },
  {
   "cell_type": "markdown",
   "id": "af75f6ec-ec24-4906-8eac-1e1c1c696d64",
   "metadata": {},
   "source": [
    "Looking at the correlation matrix above, we can see that the open price usually explains at least 99% of the close price variance for each index which means that having both variables in our data is redundant, so I will only look at the close price for analysis"
   ]
  },
  {
   "cell_type": "code",
   "execution_count": 5,
   "id": "c3672a0e-4046-4281-a9da-cdbdfb9af3c3",
   "metadata": {},
   "outputs": [],
   "source": [
    "cols=[i for i in df.columns if 'close' in i]\n",
    "df=df[cols]"
   ]
  },
  {
   "cell_type": "code",
   "execution_count": 6,
   "id": "7b57dd46-4563-4eba-ac9f-230be3b4eea6",
   "metadata": {},
   "outputs": [
    {
     "data": {
      "text/html": [
       "<div>\n",
       "<style scoped>\n",
       "    .dataframe tbody tr th:only-of-type {\n",
       "        vertical-align: middle;\n",
       "    }\n",
       "\n",
       "    .dataframe tbody tr th {\n",
       "        vertical-align: top;\n",
       "    }\n",
       "\n",
       "    .dataframe thead th {\n",
       "        text-align: right;\n",
       "    }\n",
       "</style>\n",
       "<table border=\"1\" class=\"dataframe\">\n",
       "  <thead>\n",
       "    <tr style=\"text-align: right;\">\n",
       "      <th></th>\n",
       "      <th>bit_close</th>\n",
       "      <th>nas_close</th>\n",
       "      <th>eth_close</th>\n",
       "      <th>dow_close</th>\n",
       "      <th>ada_close</th>\n",
       "      <th>amd_close</th>\n",
       "      <th>snp_close</th>\n",
       "      <th>bnb_close</th>\n",
       "      <th>nvda_close</th>\n",
       "    </tr>\n",
       "  </thead>\n",
       "  <tbody>\n",
       "    <tr>\n",
       "      <th>bit_close</th>\n",
       "      <td>1.000000</td>\n",
       "      <td>0.856740</td>\n",
       "      <td>0.895779</td>\n",
       "      <td>0.853654</td>\n",
       "      <td>0.850133</td>\n",
       "      <td>0.725530</td>\n",
       "      <td>0.865982</td>\n",
       "      <td>0.886461</td>\n",
       "      <td>0.800436</td>\n",
       "    </tr>\n",
       "    <tr>\n",
       "      <th>nas_close</th>\n",
       "      <td>0.856740</td>\n",
       "      <td>1.000000</td>\n",
       "      <td>0.773395</td>\n",
       "      <td>0.922847</td>\n",
       "      <td>0.734955</td>\n",
       "      <td>0.953144</td>\n",
       "      <td>0.978648</td>\n",
       "      <td>0.763687</td>\n",
       "      <td>0.954195</td>\n",
       "    </tr>\n",
       "    <tr>\n",
       "      <th>eth_close</th>\n",
       "      <td>0.895779</td>\n",
       "      <td>0.773395</td>\n",
       "      <td>1.000000</td>\n",
       "      <td>0.812103</td>\n",
       "      <td>0.962213</td>\n",
       "      <td>0.609305</td>\n",
       "      <td>0.815667</td>\n",
       "      <td>0.928527</td>\n",
       "      <td>0.804406</td>\n",
       "    </tr>\n",
       "    <tr>\n",
       "      <th>dow_close</th>\n",
       "      <td>0.853654</td>\n",
       "      <td>0.922847</td>\n",
       "      <td>0.812103</td>\n",
       "      <td>1.000000</td>\n",
       "      <td>0.787738</td>\n",
       "      <td>0.817152</td>\n",
       "      <td>0.977881</td>\n",
       "      <td>0.820681</td>\n",
       "      <td>0.847857</td>\n",
       "    </tr>\n",
       "    <tr>\n",
       "      <th>ada_close</th>\n",
       "      <td>0.850133</td>\n",
       "      <td>0.734955</td>\n",
       "      <td>0.962213</td>\n",
       "      <td>0.787738</td>\n",
       "      <td>1.000000</td>\n",
       "      <td>0.579609</td>\n",
       "      <td>0.787381</td>\n",
       "      <td>0.907226</td>\n",
       "      <td>0.780482</td>\n",
       "    </tr>\n",
       "    <tr>\n",
       "      <th>amd_close</th>\n",
       "      <td>0.725530</td>\n",
       "      <td>0.953144</td>\n",
       "      <td>0.609305</td>\n",
       "      <td>0.817152</td>\n",
       "      <td>0.579609</td>\n",
       "      <td>1.000000</td>\n",
       "      <td>0.903676</td>\n",
       "      <td>0.616859</td>\n",
       "      <td>0.901051</td>\n",
       "    </tr>\n",
       "    <tr>\n",
       "      <th>snp_close</th>\n",
       "      <td>0.865982</td>\n",
       "      <td>0.978648</td>\n",
       "      <td>0.815667</td>\n",
       "      <td>0.977881</td>\n",
       "      <td>0.787381</td>\n",
       "      <td>0.903676</td>\n",
       "      <td>1.000000</td>\n",
       "      <td>0.815545</td>\n",
       "      <td>0.924271</td>\n",
       "    </tr>\n",
       "    <tr>\n",
       "      <th>bnb_close</th>\n",
       "      <td>0.886461</td>\n",
       "      <td>0.763687</td>\n",
       "      <td>0.928527</td>\n",
       "      <td>0.820681</td>\n",
       "      <td>0.907226</td>\n",
       "      <td>0.616859</td>\n",
       "      <td>0.815545</td>\n",
       "      <td>1.000000</td>\n",
       "      <td>0.751110</td>\n",
       "    </tr>\n",
       "    <tr>\n",
       "      <th>nvda_close</th>\n",
       "      <td>0.800436</td>\n",
       "      <td>0.954195</td>\n",
       "      <td>0.804406</td>\n",
       "      <td>0.847857</td>\n",
       "      <td>0.780482</td>\n",
       "      <td>0.901051</td>\n",
       "      <td>0.924271</td>\n",
       "      <td>0.751110</td>\n",
       "      <td>1.000000</td>\n",
       "    </tr>\n",
       "  </tbody>\n",
       "</table>\n",
       "</div>"
      ],
      "text/plain": [
       "            bit_close  nas_close  eth_close  dow_close  ada_close  amd_close  \\\n",
       "bit_close    1.000000   0.856740   0.895779   0.853654   0.850133   0.725530   \n",
       "nas_close    0.856740   1.000000   0.773395   0.922847   0.734955   0.953144   \n",
       "eth_close    0.895779   0.773395   1.000000   0.812103   0.962213   0.609305   \n",
       "dow_close    0.853654   0.922847   0.812103   1.000000   0.787738   0.817152   \n",
       "ada_close    0.850133   0.734955   0.962213   0.787738   1.000000   0.579609   \n",
       "amd_close    0.725530   0.953144   0.609305   0.817152   0.579609   1.000000   \n",
       "snp_close    0.865982   0.978648   0.815667   0.977881   0.787381   0.903676   \n",
       "bnb_close    0.886461   0.763687   0.928527   0.820681   0.907226   0.616859   \n",
       "nvda_close   0.800436   0.954195   0.804406   0.847857   0.780482   0.901051   \n",
       "\n",
       "            snp_close  bnb_close  nvda_close  \n",
       "bit_close    0.865982   0.886461    0.800436  \n",
       "nas_close    0.978648   0.763687    0.954195  \n",
       "eth_close    0.815667   0.928527    0.804406  \n",
       "dow_close    0.977881   0.820681    0.847857  \n",
       "ada_close    0.787381   0.907226    0.780482  \n",
       "amd_close    0.903676   0.616859    0.901051  \n",
       "snp_close    1.000000   0.815545    0.924271  \n",
       "bnb_close    0.815545   1.000000    0.751110  \n",
       "nvda_close   0.924271   0.751110    1.000000  "
      ]
     },
     "execution_count": 6,
     "metadata": {},
     "output_type": "execute_result"
    }
   ],
   "source": [
    "df.corr()"
   ]
  },
  {
   "cell_type": "markdown",
   "id": "00c68eeb-06ed-415b-bdff-2c9e1116161e",
   "metadata": {},
   "source": [
    "There is high correlation between the different price indexes which means that we have plenty of variables we can use for the linear model. The goal of this project is to predict the four cryptocurrency prices in the data so in the diagram below, I plot the other price indexes against the four cryptocurrency prices. To be more specific, for each cryptocurrency, I plot it against it against the variables it is linearly correlated with since we are looking for linear relationship right now."
   ]
  },
  {
   "cell_type": "code",
   "execution_count": 7,
   "id": "e31b7176-2df5-4c2f-97a0-028e98c2f21c",
   "metadata": {},
   "outputs": [
    {
     "data": {
